  scannedItems: [
        {
          device: 1,
          deviceSerialNumbers: [
            45645,
            654654,
            65465,
            465465,
            46465,
            654654,
            6464,
            6465,
            464654,
            64654,
            6546546
          ]
        },
        {
          device: 2,
          deviceSerialNumbers: [
            45645,
            654654,
            65465,
            465465,
            46465,
            654654,
            6464,
            6465,
            464654,
            64654,
            6546546
          ]
        },
        {
          device: 3,
          deviceSerialNumbers: [
            45645,
            654654,
            65465,
            465465,
            46465,
            654654,
            6464,
            6465,
            464654,
            64654,
            6546546
          ]
        },
        {
          device: 4,
          deviceSerialNumbers: [
            45645,
            654654,
            65465,
            465465,
            46465,
            654654,
            6464,
            6465,
            464654,
            64654,
            6546546
          ]
        }
      ],
